zone1.jpg: [(1445, 25), (1245, 225), (1065, 125), (605, 245), (865, 525), (1425, 445)]
zone2.jpg: [(1465, 645), (1325, 405)]
zone3.jpg: [(1545, 105), (85, 545), (1325, 85), (665, 365), (225, 605), (1205, 325), (1245, 285), (785, 305), (1285, 265), (1185, 145), (1545, 25)]
zone4.jpg: [(1265, 665), (625, 565), (525, 285), (565, 585), (865, 765)]
zone5.jpg: [(845, 685), (325, 385), (665, 265), (885, 165), (285, 225), (785, 125), (905, 625), (1325, 485)]
zone6.jpg: [(1565, 25), (1465, 85), (465, 165), (765, 425), (1545, 605), (845, 485), (785, 205), (685, 385)]
zone7.jpg: [(905, 405), (1005, 305), (1105, 365), (1385, 425), (845, 625), (825, 765), (745, 245), (1245, 605), (1005, 525)]
zone8.jpg: [(645, 765), (625, 445), (1565, 565), (1385, 105), (1005, 25), (885, 645), (1065, 305), (605, 345), (1505, 205), (1345, 365), (685, 345), (525, 465), (805, 465)]
zone9.jpg: [(1525, 365), (605, 525), (1265, 305), (1485, 85), (1345, 605), (1165, 745), (905, 745), (1325, 645), (725, 745), (1445, 65), (1125, 485), (825, 185), (1565, 65), (1385, 485)]
zone10.jpg: [(1065, 165), (1185, 725), (1085, 765), (245, 85), (1145, 505), (1145, 405)]
zone11.jpg: [(345, 105), (565, 25), (1205, 105), (865, 405), (745, 445), (585, 285), (1025, 205)]
zone12.jpg: [(605, 405), (705, 585), (285, 725), (525, 625), (185, 645), (205, 725)]
zone13.jpg: [(385, 445), (1185, 145), (1365, 665), (765, 525), (1505, 465)]
zone14.jpg: [(105, 645), (525, 385), (885, 205), (1065, 45), (345, 165)]
zone15.jpg: [(485, 105), (725, 405), (245, 65), (665, 125), (1105, 85), (605, 385), (1505, 405), (45, 505), (865, 205), (585, 725), (1565, 445)]
zone16.jpg: [(905, 185), (925, 325), (1545, 405), (1065, 165), (865, 305), (545, 245), (1045, 565)]
zone17.jpg: [(885, 405), (625, 585), (765, 765), (405, 465), (165, 385), (625, 385), (125, 625), (865, 445), (1025, 285), (245, 385)]
zone18.jpg: [(885, 565), (1465, 685), (985, 85), (265, 105), (925, 525), (45, 405), (1165, 185), (505, 385), (565, 365), (1305, 165), (1125, 265)]
zone19.jpg: [(945, 405), (525, 425), (1385, 765), (1505, 505), (1185, 685), (785, 605), (725, 205), (1305, 325), (1405, 185), (665, 345), (645, 265)]
zone20.jpg: [(945, 425), (185, 105), (485, 445), (465, 385), (265, 605), (345, 565), (1165, 645), (125, 365), (85, 445), (1565, 385)]
zone21.jpg: [(1425, 565), (1165, 405), (1165, 565), (1325, 485), (245, 85), (465, 345), (25, 525), (1565, 725), (1165, 745)]
zone22.jpg: [(125, 165), (105, 205), (465, 765), (145, 645), (105, 725), (805, 645), (185, 445), (1225, 585)]
zone23.jpg: [(805, 765), (605, 445), (825, 665), (185, 265), (1425, 665), (685, 665)]
zone24.jpg: [(1445, 425), (1325, 285)]
zone25.jpg: [(705, 425), (1165, 705), (1145, 585), (985, 85), (565, 505), (965, 625), (665, 405), (1005, 585), (1145, 645), (345, 685), (1365, 605), (285, 565), (945, 765), (805, 745)]
zone26.jpg: [(1545, 665), (765, 525), (1525, 185), (1545, 345), (625, 25)]
zone27.jpg: [(385, 185), (125, 665), (165, 45), (1245, 165), (225, 65), (1425, 545), (1385, 45), (1185, 165), (145, 105)]
zone28.jpg: [(765, 485), (665, 505), (345, 605), (605, 345), (1045, 165), (1025, 345), (1105, 525), (225, 685), (1145, 665)]
zone29.jpg: [(845, 165), (45, 605), (205, 385), (25, 645), (185, 225), (1105, 285), (125, 405), (1465, 445), (45, 765), (925, 665), (125, 765), (385, 465), (185, 425), (1345, 665), (1245, 665), (1485, 385), (205, 585), (325, 185), (1525, 325), (625, 485)]
zone30.jpg: [(825, 465), (1525, 265), (1005, 125), (1285, 465), (1425, 245)]
